[GCS_ARRAY Wave Table1]
# VERSION = 1
# TYPE = 1
# SEPARATOR = 9
# DIM = 1
# SAMPLE_TIME = 5e-005
# NDATA = 2000
#
# NAME0 = Wave Table1
#
# END_HEADER
0
8.3e-005
0.000652
0.002146
0.004913
0.009176
0.015014
0.022348
0.030955
0.040487
0.050505
0.060606
0.070707
0.080808
0.090909
0.10101
0.111111
0.121212
0.131313
0.141414
0.151515
0.161616
0.171717
0.181818
0.191919
0.20202
0.212121
0.222222
0.232323
0.242424
0.252525
0.262626
0.272727
0.282828
0.292929
0.30303
0.313131
0.323232
0.333333
0.343434
0.353535
0.363636
0.373737
0.383838
0.393939
0.40404
0.414141
0.424242
0.434343
0.444444
0.454545
0.464646
0.474747
0.484848
0.494949
0.505051
0.515152
0.525253
0.535354
0.545455
0.555556
0.565657
0.575758
0.585859
0.59596
0.606061
0.616162
0.626263
0.636364
0.646465
0.656566
0.666667
0.676768
0.686869
0.69697
0.707071
0.717172
0.727273
0.737374
0.747475
0.757576
0.767677
0.777778
0.787879
0.79798
0.808081
0.818182
0.828283
0.838384
0.848485
0.858586
0.868687
0.878788
0.888889
0.89899
0.909091
0.919192
0.929293
0.939394
0.949495
0.959596
0.969697
0.979798
0.989899
1
1.010101
1.020202
1.030303
1.040404
1.050505
1.060606
1.070707
1.080808
1.090909
1.10101
1.111111
1.121212
1.131313
1.141414
1.151515
1.161616
1.171717
1.181818
1.191919
1.20202
1.212121
1.222222
1.232323
1.242424
1.252525
1.262626
1.272727
1.282828
1.292929
1.30303
1.313131
1.323232
1.333333
1.343434
1.353535
1.363636
1.373737
1.383838
1.393939
1.40404
1.414141
1.424242
1.434343
1.444444
1.454545
1.464646
1.474747
1.484848
1.494949
1.505051
1.515152
1.525253
1.535354
1.545455
1.555556
1.565657
1.575758
1.585859
1.59596
1.606061
1.616162
1.626263
1.636364
1.646465
1.656566
1.666667
1.676768
1.686869
1.69697
1.707071
1.717172
1.727273
1.737374
1.747475
1.757576
1.767677
1.777778
1.787879
1.79798
1.808081
1.818182
1.828283
1.838384
1.848485
1.858586
1.868687
1.878788
1.888889
1.89899
1.909091
1.919192
1.929293
1.939394
1.949495
1.959596
1.969697
1.979798
1.989899
2
2.010101
2.020202
2.030303
2.040404
2.050505
2.060606
2.070707
2.080808
2.090909
2.10101
2.111111
2.121212
2.131313
2.141414
2.151515
2.161616
2.171717
2.181818
2.191919
2.20202
2.212121
2.222222
2.232323
2.242424
2.252525
2.262626
2.272727
2.282828
2.292929
2.30303
2.313131
2.323232
2.333333
2.343434
2.353535
2.363636
2.373737
2.383838
2.393939
2.40404
2.414141
2.424242
2.434343
2.444444
2.454545
2.464646
2.474747
2.484848
2.494949
2.505051
2.515152
2.525253
2.535354
2.545455
2.555556
2.565657
2.575758
2.585859
2.59596
2.606061
2.616162
2.626263
2.636364
2.646465
2.656566
2.666667
2.676768
2.686869
2.69697
2.707071
2.717172
2.727273
2.737374
2.747475
2.757576
2.767677
2.777778
2.787879
2.79798
2.808081
2.818182
2.828283
2.838384
2.848485
2.858586
2.868687
2.878788
2.888889
2.89899
2.909091
2.919192
2.929293
2.939394
2.949495
2.959596
2.969697
2.979798
2.989899
3
3.010101
3.020202
3.030303
3.040404
3.050505
3.060606
3.070707
3.080808
3.090909
3.10101
3.111111
3.121212
3.131313
3.141414
3.151515
3.161616
3.171717
3.181818
3.191919
3.20202
3.212121
3.222222
3.232323
3.242424
3.252525
3.262626
3.272727
3.282828
3.292929
3.30303
3.313131
3.323232
3.333333
3.343434
3.353535
3.363636
3.373737
3.383838
3.393939
3.40404
3.414141
3.424242
3.434343
3.444444
3.454545
3.464646
3.474747
3.484848
3.494949
3.505051
3.515152
3.525253
3.535354
3.545455
3.555556
3.565657
3.575758
3.585859
3.59596
3.606061
3.616162
3.626263
3.636364
3.646465
3.656566
3.666667
3.676768
3.686869
3.69697
3.707071
3.717172
3.727273
3.737374
3.747475
3.757576
3.767677
3.777778
3.787879
3.79798
3.808081
3.818182
3.828283
3.838384
3.848485
3.858586
3.868687
3.878788
3.888889
3.89899
3.909091
3.919192
3.929293
3.939394
3.949495
3.959596
3.969697
3.979798
3.989899
4
4.010101
4.020202
4.030303
4.040404
4.050505
4.060606
4.070707
4.080808
4.090909
4.10101
4.111111
4.121212
4.131313
4.141414
4.151515
4.161616
4.171717
4.181818
4.191919
4.20202
4.212121
4.222222
4.232323
4.242424
4.252525
4.262626
4.272727
4.282828
4.292929
4.30303
4.313131
4.323232
4.333333
4.343434
4.353535
4.363636
4.373737
4.383838
4.393939
4.40404
4.414141
4.424242
4.434343
4.444444
4.454545
4.464646
4.474747
4.484848
4.494949
4.505051
4.515152
4.525253
4.535354
4.545455
4.555556
4.565657
4.575758
4.585859
4.59596
4.606061
4.616162
4.626263
4.636364
4.646465
4.656566
4.666667
4.676768
4.686869
4.69697
4.707071
4.717172
4.727273
4.737374
4.747475
4.757576
4.767677
4.777778
4.787879
4.79798
4.808081
4.818182
4.828283
4.838384
4.848485
4.858586
4.868687
4.878788
4.888889
4.89899
4.909091
4.919192
4.929293
4.939394
4.949495
4.959596
4.969697
4.979798
4.989899
5
5.010101
5.020202
5.030303
5.040404
5.050505
5.060606
5.070707
5.080808
5.090909
5.10101
5.111111
5.121212
5.131313
5.141414
5.151515
5.161616
5.171717
5.181818
5.191919
5.20202
5.212121
5.222222
5.232323
5.242424
5.252525
5.262626
5.272727
5.282828
5.292929
5.30303
5.313131
5.323232
5.333333
5.343434
5.353535
5.363636
5.373737
5.383838
5.393939
5.40404
5.414141
5.424242
5.434343
5.444444
5.454545
5.464646
5.474747
5.484848
5.494949
5.505051
5.515152
5.525253
5.535354
5.545455
5.555556
5.565657
5.575758
5.585859
5.59596
5.606061
5.616162
5.626263
5.636364
5.646465
5.656566
5.666667
5.676768
5.686869
5.69697
5.707071
5.717172
5.727273
5.737374
5.747475
5.757576
5.767677
5.777778
5.787879
5.79798
5.808081
5.818182
5.828283
5.838384
5.848485
5.858586
5.868687
5.878788
5.888889
5.89899
5.909091
5.919192
5.929293
5.939394
5.949495
5.959596
5.969697
5.979798
5.989899
6
6.010101
6.020202
6.030303
6.040404
6.050505
6.060606
6.070707
6.080808
6.090909
6.10101
6.111111
6.121212
6.131313
6.141414
6.151515
6.161616
6.171717
6.181818
6.191919
6.20202
6.212121
6.222222
6.232323
6.242424
6.252525
6.262626
6.272727
6.282828
6.292929
6.30303
6.313131
6.323232
6.333333
6.343434
6.353535
6.363636
6.373737
6.383838
6.393939
6.40404
6.414141
6.424242
6.434343
6.444444
6.454545
6.464646
6.474747
6.484848
6.494949
6.505051
6.515152
6.525253
6.535354
6.545455
6.555556
6.565657
6.575758
6.585859
6.59596
6.606061
6.616162
6.626263
6.636364
6.646465
6.656566
6.666667
6.676768
6.686869
6.69697
6.707071
6.717172
6.727273
6.737374
6.747475
6.757576
6.767677
6.777778
6.787879
6.79798
6.808081
6.818182
6.828283
6.838384
6.848485
6.858586
6.868687
6.878788
6.888889
6.89899
6.909091
6.919192
6.929293
6.939394
6.949495
6.959596
6.969697
6.979798
6.989899
7
7.010101
7.020202
7.030303
7.040404
7.050505
7.060606
7.070707
7.080808
7.090909
7.10101
7.111111
7.121212
7.131313
7.141414
7.151515
7.161616
7.171717
7.181818
7.191919
7.20202
7.212121
7.222222
7.232323
7.242424
7.252525
7.262626
7.272727
7.282828
7.292929
7.30303
7.313131
7.323232
7.333333
7.343434
7.353535
7.363636
7.373737
7.383838
7.393939
7.40404
7.414141
7.424242
7.434343
7.444444
7.454545
7.464646
7.474747
7.484848
7.494949
7.505051
7.515152
7.525253
7.535354
7.545455
7.555556
7.565657
7.575758
7.585859
7.59596
7.606061
7.616162
7.626263
7.636364
7.646465
7.656566
7.666667
7.676768
7.686869
7.69697
7.707071
7.717172
7.727273
7.737374
7.747475
7.757576
7.767677
7.777778
7.787879
7.79798
7.808081
7.818182
7.828283
7.838384
7.848485
7.858586
7.868687
7.878788
7.888889
7.89899
7.909091
7.919192
7.929293
7.939394
7.949495
7.959596
7.969697
7.979798
7.989899
8
8.010101
8.020202
8.030303
8.040404
8.050505
8.060606
8.070707
8.080808
8.090909
8.10101
8.111111
8.121212
8.131313
8.141414
8.151515
8.161616
8.171717
8.181818
8.191919
8.20202
8.212121
8.222222
8.232323
8.242424
8.252525
8.262626
8.272727
8.282828
8.292929
8.30303
8.313131
8.323232
8.333333
8.343434
8.353535
8.363636
8.373737
8.383838
8.393939
8.40404
8.414141
8.424242
8.434343
8.444444
8.454545
8.464646
8.474747
8.484848
8.494949
8.505051
8.515152
8.525253
8.535354
8.545455
8.555556
8.565657
8.575758
8.585859
8.59596
8.606061
8.616162
8.626263
8.636364
8.646465
8.656566
8.666667
8.676768
8.686869
8.69697
8.707071
8.717172
8.727273
8.737374
8.747475
8.757576
8.767677
8.777778
8.787879
8.79798
8.808081
8.818182
8.828283
8.838384
8.848485
8.858586
8.868687
8.878788
8.888889
8.89899
8.909091
8.919192
8.929293
8.939394
8.949495
8.959596
8.969697
8.979798
8.989899
9
9.010101
9.020202
9.030303
9.040404
9.050505
9.060606
9.070707
9.080808
9.090909
9.10101
9.111111
9.121212
9.131313
9.141414
9.151515
9.161616
9.171717
9.181818
9.191919
9.20202
9.212121
9.222222
9.232323
9.242424
9.252525
9.262626
9.272727
9.282828
9.292929
9.30303
9.313131
9.323232
9.333333
9.343434
9.353535
9.363636
9.373737
9.383838
9.393939
9.40404
9.414141
9.424242
9.434343
9.444444
9.454545
9.464646
9.474747
9.484848
9.494949
9.505051
9.515152
9.525253
9.535354
9.545455
9.555556
9.565657
9.575758
9.585859
9.59596
9.606061
9.616162
9.626263
9.636364
9.646465
9.656566
9.666667
9.676768
9.686869
9.69697
9.707071
9.717172
9.727273
9.737374
9.747475
9.757576
9.767677
9.777778
9.787879
9.79798
9.808081
9.818182
9.828283
9.838384
9.848485
9.858586
9.868687
9.878788
9.888889
9.89899
9.909091
9.919192
9.929293
9.939394
9.949495
9.959513
9.969045
9.977652
9.984986
9.990824
9.995087
9.997854
9.999348
9.999917
10
9.999917
9.999348
9.997854
9.995087
9.990824
9.984986
9.977652
9.969045
9.959513
9.949495
9.939394
9.929293
9.919192
9.909091
9.89899
9.888889
9.878788
9.868687
9.858586
9.848485
9.838384
9.828283
9.818182
9.808081
9.79798
9.787879
9.777778
9.767677
9.757576
9.747475
9.737374
9.727273
9.717172
9.707071
9.69697
9.686869
9.676768
9.666667
9.656566
9.646465
9.636364
9.626263
9.616162
9.606061
9.59596
9.585859
9.575758
9.565657
9.555556
9.545455
9.535354
9.525253
9.515152
9.505051
9.494949
9.484848
9.474747
9.464646
9.454545
9.444444
9.434343
9.424242
9.414141
9.40404
9.393939
9.383838
9.373737
9.363636
9.353535
9.343434
9.333333
9.323232
9.313131
9.30303
9.292929
9.282828
9.272727
9.262626
9.252525
9.242424
9.232323
9.222222
9.212121
9.20202
9.191919
9.181818
9.171717
9.161616
9.151515
9.141414
9.131313
9.121212
9.111111
9.10101
9.090909
9.080808
9.070707
9.060606
9.050505
9.040404
9.030303
9.020202
9.010101
9
8.989899
8.979798
8.969697
8.959596
8.949495
8.939394
8.929293
8.919192
8.909091
8.89899
8.888889
8.878788
8.868687
8.858586
8.848485
8.838384
8.828283
8.818182
8.808081
8.79798
8.787879
8.777778
8.767677
8.757576
8.747475
8.737374
8.727273
8.717172
8.707071
8.69697
8.686869
8.676768
8.666667
8.656566
8.646465
8.636364
8.626263
8.616162
8.606061
8.59596
8.585859
8.575758
8.565657
8.555556
8.545455
8.535354
8.525253
8.515152
8.505051
8.494949
8.484848
8.474747
8.464646
8.454545
8.444444
8.434343
8.424242
8.414141
8.40404
8.393939
8.383838
8.373737
8.363636
8.353535
8.343434
8.333333
8.323232
8.313131
8.30303
8.292929
8.282828
8.272727
8.262626
8.252525
8.242424
8.232323
8.222222
8.212121
8.20202
8.191919
8.181818
8.171717
8.161616
8.151515
8.141414
8.131313
8.121212
8.111111
8.10101
8.090909
8.080808
8.070707
8.060606
8.050505
8.040404
8.030303
8.020202
8.010101
8
7.989899
7.979798
7.969697
7.959596
7.949495
7.939394
7.929293
7.919192
7.909091
7.89899
7.888889
7.878788
7.868687
7.858586
7.848485
7.838384
7.828283
7.818182
7.808081
7.79798
7.787879
7.777778
7.767677
7.757576
7.747475
7.737374
7.727273
7.717172
7.707071
7.69697
7.686869
7.676768
7.666667
7.656566
7.646465
7.636364
7.626263
7.616162
7.606061
7.59596
7.585859
7.575758
7.565657
7.555556
7.545455
7.535354
7.525253
7.515152
7.505051
7.494949
7.484848
7.474747
7.464646
7.454545
7.444444
7.434343
7.424242
7.414141
7.40404
7.393939
7.383838
7.373737
7.363636
7.353535
7.343434
7.333333
7.323232
7.313131
7.30303
7.292929
7.282828
7.272727
7.262626
7.252525
7.242424
7.232323
7.222222
7.212121
7.20202
7.191919
7.181818
7.171717
7.161616
7.151515
7.141414
7.131313
7.121212
7.111111
7.10101
7.090909
7.080808
7.070707
7.060606
7.050505
7.040404
7.030303
7.020202
7.010101
7
6.989899
6.979798
6.969697
6.959596
6.949495
6.939394
6.929293
6.919192
6.909091
6.89899
6.888889
6.878788
6.868687
6.858586
6.848485
6.838384
6.828283
6.818182
6.808081
6.79798
6.787879
6.777778
6.767677
6.757576
6.747475
6.737374
6.727273
6.717172
6.707071
6.69697
6.686869
6.676768
6.666667
6.656566
6.646465
6.636364
6.626263
6.616162
6.606061
6.59596
6.585859
6.575758
6.565657
6.555556
6.545455
6.535354
6.525253
6.515152
6.505051
6.494949
6.484848
6.474747
6.464646
6.454545
6.444444
6.434343
6.424242
6.414141
6.40404
6.393939
6.383838
6.373737
6.363636
6.353535
6.343434
6.333333
6.323232
6.313131
6.30303
6.292929
6.282828
6.272727
6.262626
6.252525
6.242424
6.232323
6.222222
6.212121
6.20202
6.191919
6.181818
6.171717
6.161616
6.151515
6.141414
6.131313
6.121212
6.111111
6.10101
6.090909
6.080808
6.070707
6.060606
6.050505
6.040404
6.030303
6.020202
6.010101
6
5.989899
5.979798
5.969697
5.959596
5.949495
5.939394
5.929293
5.919192
5.909091
5.89899
5.888889
5.878788
5.868687
5.858586
5.848485
5.838384
5.828283
5.818182
5.808081
5.79798
5.787879
5.777778
5.767677
5.757576
5.747475
5.737374
5.727273
5.717172
5.707071
5.69697
5.686869
5.676768
5.666667
5.656566
5.646465
5.636364
5.626263
5.616162
5.606061
5.59596
5.585859
5.575758
5.565657
5.555556
5.545455
5.535354
5.525253
5.515152
5.505051
5.494949
5.484848
5.474747
5.464646
5.454545
5.444444
5.434343
5.424242
5.414141
5.40404
5.393939
5.383838
5.373737
5.363636
5.353535
5.343434
5.333333
5.323232
5.313131
5.30303
5.292929
5.282828
5.272727
5.262626
5.252525
5.242424
5.232323
5.222222
5.212121
5.20202
5.191919
5.181818
5.171717
5.161616
5.151515
5.141414
5.131313
5.121212
5.111111
5.10101
5.090909
5.080808
5.070707
5.060606
5.050505
5.040404
5.030303
5.020202
5.010101
5
4.989899
4.979798
4.969697
4.959596
4.949495
4.939394
4.929293
4.919192
4.909091
4.89899
4.888889
4.878788
4.868687
4.858586
4.848485
4.838384
4.828283
4.818182
4.808081
4.79798
4.787879
4.777778
4.767677
4.757576
4.747475
4.737374
4.727273
4.717172
4.707071
4.69697
4.686869
4.676768
4.666667
4.656566
4.646465
4.636364
4.626263
4.616162
4.606061
4.59596
4.585859
4.575758
4.565657
4.555556
4.545455
4.535354
4.525253
4.515152
4.505051
4.494949
4.484848
4.474747
4.464646
4.454545
4.444444
4.434343
4.424242
4.414141
4.40404
4.393939
4.383838
4.373737
4.363636
4.353535
4.343434
4.333333
4.323232
4.313131
4.30303
4.292929
4.282828
4.272727
4.262626
4.252525
4.242424
4.232323
4.222222
4.212121
4.20202
4.191919
4.181818
4.171717
4.161616
4.151515
4.141414
4.131313
4.121212
4.111111
4.10101
4.090909
4.080808
4.070707
4.060606
4.050505
4.040404
4.030303
4.020202
4.010101
4
3.989899
3.979798
3.969697
3.959596
3.949495
3.939394
3.929293
3.919192
3.909091
3.89899
3.888889
3.878788
3.868687
3.858586
3.848485
3.838384
3.828283
3.818182
3.808081
3.79798
3.787879
3.777778
3.767677
3.757576
3.747475
3.737374
3.727273
3.717172
3.707071
3.69697
3.686869
3.676768
3.666667
3.656566
3.646465
3.636364
3.626263
3.616162
3.606061
3.59596
3.585859
3.575758
3.565657
3.555556
3.545455
3.535354
3.525253
3.515152
3.505051
3.494949
3.484848
3.474747
3.464646
3.454545
3.444444
3.434343
3.424242
3.414141
3.40404
3.393939
3.383838
3.373737
3.363636
3.353535
3.343434
3.333333
3.323232
3.313131
3.30303
3.292929
3.282828
3.272727
3.262626
3.252525
3.242424
3.232323
3.222222
3.212121
3.20202
3.191919
3.181818
3.171717
3.161616
3.151515
3.141414
3.131313
3.121212
3.111111
3.10101
3.090909
3.080808
3.070707
3.060606
3.050505
3.040404
3.030303
3.020202
3.010101
3
2.989899
2.979798
2.969697
2.959596
2.949495
2.939394
2.929293
2.919192
2.909091
2.89899
2.888889
2.878788
2.868687
2.858586
2.848485
2.838384
2.828283
2.818182
2.808081
2.79798
2.787879
2.777778
2.767677
2.757576
2.747475
2.737374
2.727273
2.717172
2.707071
2.69697
2.686869
2.676768
2.666667
2.656566
2.646465
2.636364
2.626263
2.616162
2.606061
2.59596
2.585859
2.575758
2.565657
2.555556
2.545455
2.535354
2.525253
2.515152
2.505051
2.494949
2.484848
2.474747
2.464646
2.454545
2.444444
2.434343
2.424242
2.414141
2.40404
2.393939
2.383838
2.373737
2.363636
2.353535
2.343434
2.333333
2.323232
2.313131
2.30303
2.292929
2.282828
2.272727
2.262626
2.252525
2.242424
2.232323
2.222222
2.212121
2.20202
2.191919
2.181818
2.171717
2.161616
2.151515
2.141414
2.131313
2.121212
2.111111
2.10101
2.090909
2.080808
2.070707
2.060606
2.050505
2.040404
2.030303
2.020202
2.010101
2
1.989899
1.979798
1.969697
1.959596
1.949495
1.939394
1.929293
1.919192
1.909091
1.89899
1.888889
1.878788
1.868687
1.858586
1.848485
1.838384
1.828283
1.818182
1.808081
1.79798
1.787879
1.777778
1.767677
1.757576
1.747475
1.737374
1.727273
1.717172
1.707071
1.69697
1.686869
1.676768
1.666667
1.656566
1.646465
1.636364
1.626263
1.616162
1.606061
1.59596
1.585859
1.575758
1.565657
1.555556
1.545455
1.535354
1.525253
1.515152
1.505051
1.494949
1.484848
1.474747
1.464646
1.454545
1.444444
1.434343
1.424242
1.414141
1.40404
1.393939
1.383838
1.373737
1.363636
1.353535
1.343434
1.333333
1.323232
1.313131
1.30303
1.292929
1.282828
1.272727
1.262626
1.252525
1.242424
1.232323
1.222222
1.212121
1.20202
1.191919
1.181818
1.171717
1.161616
1.151515
1.141414
1.131313
1.121212
1.111111
1.10101
1.090909
1.080808
1.070707
1.060606
1.050505
1.040404
1.030303
1.020202
1.010101
1
0.989899
0.979798
0.969697
0.959596
0.949495
0.939394
0.929293
0.919192
0.909091
0.89899
0.888889
0.878788
0.868687
0.858586
0.848485
0.838384
0.828283
0.818182
0.808081
0.79798
0.787879
0.777778
0.767677
0.757576
0.747475
0.737374
0.727273
0.717172
0.707071
0.69697
0.686869
0.676768
0.666667
0.656566
0.646465
0.636364
0.626263
0.616162
0.606061
0.59596
0.585859
0.575758
0.565657
0.555556
0.545455
0.535354
0.525253
0.515152
0.505051
0.494949
0.484848
0.474747
0.464646
0.454545
0.444444
0.434343
0.424242
0.414141
0.40404
0.393939
0.383838
0.373737
0.363636
0.353535
0.343434
0.333333
0.323232
0.313131
0.30303
0.292929
0.282828
0.272727
0.262626
0.252525
0.242424
0.232323
0.222222
0.212121
0.20202
0.191919
0.181818
0.171717
0.161616
0.151515
0.141414
0.131313
0.121212
0.111111
0.10101
0.090909
0.080808
0.070707
0.060606
0.050505
0.040487
0.030955
0.022348
0.015014
0.009176
0.004913
0.002146
0.000652
8.3e-005
